746.900000000000
758.010000000000
806.210000000000
822.380000000000
896
934.210000000000
867.380000000000
825.290000000000
809.170000000000
827.460000000000
891.850000000000
851
807.830000000000
820.750000000000
847.700000000000
830.900000000000
793
801.530000000000
833
831.720000000000
822.560000000000
813.050000000000
813.020000000000
789.100000000000
806
826.770000000000
777
800.200000000000
803.600000000000
799.370000000000
802.500000000000
815.990000000000
819.570000000000
813.800000000000
809.050000000000
800
778
742.780000000000
707
710
665
670
667.010000000000
633.990000000000
672.100000000000
651.420000000000
623.500000000000
642
626.770000000000
623.930000000000
582.700000000000
566.160000000000
603.980000000000
626.770000000000
545
528
585.380000000000
585.170000000000
577.970000000000
571.500000000000
559.880000000000
666.500000000000
677.610000000000
664.850000000000
657.020000000000
621.300000000000
609
637.990000000000
621.990000000000
622.900000000000
642.100000000000
642.610000000000
636.470000000000
636.290000000000
634.940000000000
624.700000000000
627
608.410000000000
590
579.990000000000
557
567.130000000000
572
580.020000000000
585.700000000000
520.200000000000
503
499.940000000000
449.020000000000
457
479.510000000000
445
446.310000000000
446.010000000000
451.840000000000
459.670000000000
447.740000000000
454.070000000000
443.100000000000
401
427.990000000000
424.980000000000
405
453.140000000000
489.910000000000
511.500000000000
495
479.980000000000
499.900000000000
500.190000000000
496.500000000000
493.330000000000
487.300000000000
491.600000000000
459.150000000000
463.880000000000
440.100000000000
447
447.700000000000
449
460.010000000000
447.510000000000
434.500000000000
436.210000000000
427.830000000000
430.330000000000
446.650000000000
441.500000000000
452.020000000000
452.420000000000
435
441.500000000000
438.950000000000
447.490000000000
448.990000000000
449.510000000000
449.080000000000
447.140000000000
446.420000000000
485.010000000000
494.870000000000
523.840000000000
527.470000000000
521.520000000000
575
584
581.870000000000
574.330000000000
568
609.030000000000
620.450000000000
674.980000000000
631.490000000000
673.900000000000
644.660000000000
658.720000000000
655.750000000000
654.300000000000
652
650.930000000000
649.890000000000
639.990000000000
617
582
557.920000000000
560.490000000000
595
597.650000000000
604.600000000000
604.320000000000
593.330000000000
590.990000000000
596.080000000000
591.500000000000
585.540000000000
567
569
588.970000000000
597.080000000000
596
620
654.450000000000
654
644.040000000000
635.490000000000
632.780000000000
634.490000000000
621.980000000000
623.700000000000
624.840000000000
619.780000000000
630.310000000000
631.980000000000
630.900000000000
622.800000000000
623.170000000000
619.480000000000
626
629.860000000000
630.920000000000
623.770000000000
619.140000000000
621.030000000000
622.010000000000
601.180000000000
602.590000000000
595.880000000000
592.510000000000
586.960000000000
581.500000000000
573.480000000000
586
601.940000000000
591.590000000000
589.790000000000
593.940000000000
580.210000000000
581.600000000000
587.240000000000
589.300000000000
588.610000000000
588.990000000000
578.970000000000
569.540000000000
550.140000000000
521.660000000000
498.160000000000
509
491.880000000000
468.190000000000
487.500000000000
507.300000000000
525.780000000000
518.250000000000
503.880000000000
510.750000000000
503.790000000000
512.790000000000
514.840000000000
509.390000000000
511.990000000000
503.880000000000
477.980000000000
482.590000000000
483.650000000000
472.760000000000
486
485.910000000000
481.090000000000
480.620000000000
476.610000000000
466.480000000000
485.030000000000
469
470.430000000000
479.860000000000
475.490000000000
475.300000000000
468
448
428.190000000000
398.890000000000
415.560000000000
406.300000000000
400.980000000000
423
431.910000000000
408.080000000000
405.140000000000
400.740000000000
380
381.940000000000
382.670000000000
385.270000000000
375.850000000000
363.750000000000
336
293.670000000000
331.200000000000
330.700000000000
346.260000000000
378.940000000000
358.970000000000
359.990000000000
364.830000000000
381.460000000000
411.890000000000
394
378.020000000000
382.830000000000
389.680000000000
388.990000000000
384.950000000000
387
385.100000000000
363.990000000000
358.460000000000
348.890000000000
355.430000000000
356.500000000000
354.940000000000
343.530000000000
337
340.950000000000
327.390000000000
326.410000000000
325.810000000000
328.720000000000
341.990000000000
347.960000000000
342.260000000000
345.840000000000
356.340000000000
375.870000000000
365.040000000000
430.070000000000
406.560000000000
396.560000000000
373.140000000000
383.650000000000
378.480000000000
379.910000000000
374.770000000000
361.700000000000
356.900000000000
359.800000000000
362.990000000000
384
381.030000000000
371.440000000000
372.620000000000
376.120000000000
377.220000000000
375.960000000000
381.720000000000
381.930000000000
378.250000000000
371.670000000000
373.980000000000
374.050000000000
375.730000000000
367.010000000000
350.290000000000
350.970000000000
356.100000000000
355.080000000000
350.310000000000
353.280000000000
352.150000000000
336.730000000000
318.200000000000
317.700000000000
317.630000000000
325.700000000000
326.930000000000
332.530000000000
336.960000000000
327.590000000000
319.310000000000
328.090000000000
314.450000000000
317.500000000000
314.490000000000
313.090000000000
317.400000000000
