4.166667e-01
1.136364e-01
2.413793e-01
2.121212e-01
2.400000e-01
1.923077e-02
2.800000e-01
-2.181818e-01
8.333333e-02
2.619048e-01
5.000000e-01
4.583333e-01
3.684211e-01
3.454545e-01
2.285714e-01
2.631579e-02
-5.555556e-02
4.000000e-01
4.285714e-01
8.163265e-02
1.063830e-01
3.333333e-01
5.641026e-01
1.489362e-01
5.714286e-01
6.666667e-01
-1.794872e-01
-1.395349e-01
8.333333e-02
1.568627e-01
-1.904762e-01
-4.347826e-02
6.800000e-01
1.086957e-01
3.571429e-01
4.150943e-01
2.826087e-01
-5.172414e-02
1.851852e-01
-2.800000e-01
-4.545455e-02
3.333333e-01
-2.083333e-02
-3.846154e-02
2.380952e-01
5.172414e-01
-1.379310e-01
4.166667e-02
2.765957e-01
2.592593e-01
5.272727e-01
-2.142857e-01
5.416667e-01
5.769231e-01
3.750000e-01
1.351351e-01
-3.148148e-01
7.142857e-02
-1.739130e-01
3.720930e-01
-3.235294e-01
-3.611111e-01
2.352941e-01
-2.830189e-01
-3.571429e-01
-4.444444e-02
9.756098e-02
6.060606e-02
0
-2.075472e-01
3.488372e-01
9.523810e-02
-1.304348e-01
1.363636e-01
3.461538e-01
3.333333e-01
1.086957e-01
1.282051e-01
-1.219512e-01
3.000000e-01
6.666667e-01
8.000000e-02
1.698113e-01
0
1.060606e-01
5.098039e-01
4.400000e-01
3.333333e-01
3.703704e-01
2.000000e-01
2.456140e-01
-4.166667e-02
4.666667e-01
8.571429e-01
4.285714e-01
4.166667e-01
1.428571e-01
3.142857e-01
6.388889e-01
4.838710e-01
2.727273e-01
2.777778e-01
2.962963e-01
2.363636e-01
-4.000000e-02
3.125000e-01
1.081081e-01
0
6.666667e-01
2.500000e-01
8.108108e-02
3.898305e-01
9.615385e-02
4.500000e-01
8.947368e-01
8.947368e-01
3.636364e-01
4.222222e-01
2.727273e-01
2.127660e-01
4.583333e-01
3.000000e-01
5.652174e-01
5.555556e-01
5.142857e-01
5.609756e-01
4.047619e-01
1.372549e-01
2.045455e-01
2.500000e-01
5.000000e-01
2.121212e-01
3.518519e-01
4.615385e-01
3.500000e-01
2.400000e-01
6.842105e-01
2.352941e-01
2.285714e-01
-1.698113e-01
1.388889e-01
6.976744e-02
1.212121e-01
7.619048e-01
7.368421e-01
2.250000e-01
5.000000e-01
1.612903e-01
2.631579e-01
6.250000e-01
3.750000e-01
2.272727e-01
3.181818e-01
4.583333e-01
4.761905e-01
3.548387e-01
4.230769e-01
6.470588e-01
4.444444e-01
5.666667e-01
3.500000e-01
1.698113e-01
-1.200000e-01
1.428571e-01
3.333333e-01
6.666667e-01
4.137931e-01
4.651163e-02
-1.320755e-01
-6.000000e-02
3.513514e-01
6.470588e-01
3.181818e-01
3.589744e-01
5.769231e-01
5.625000e-01
5.263158e-02
2.592593e-01
6.500000e-01
5.937500e-01
3.953488e-01
0
1.186441e-01
1.224490e-01
-7.407407e-02
7.500000e-01
2.352941e-01
2.093023e-01
2.727273e-01
9.677419e-02
2.857143e-01
2.093023e-01
5.714286e-01
4.230769e-01
4.347826e-01
5.000000e-01
5.531915e-01
2.105263e-01
3.265306e-01
1.764706e-01
8.571429e-01
1.842105e-01
3.235294e-01
2.000000e-01
4.166667e-01
3.428571e-01
9.411765e-01
5.714286e-01
6.730769e-01
4.666667e-01
4.347826e-01
0
2.619048e-01
7.058824e-01
7.500000e-01
3.214286e-01
4.230769e-01
3.589744e-01
2.857143e-01
3.666667e-01
5.416667e-01
5.625000e-01
2.592593e-01
4.285714e-01
4.137931e-01
2.127660e-01
5.454545e-01
7.368421e-01
6.470588e-01
4.736842e-01
3.589744e-01
3.111111e-01
2.264151e-01
2.250000e-01
7.619048e-01
7.619048e-01
2.500000e-01
5.319149e-01
6.551724e-01
2.564103e-02
1.052632e-01
0
6.315789e-01
7.826087e-01
5.882353e-01
5.454545e-01
1.296296e-01
-1.400000e-01
4.117647e-01
2.631579e-01
3.454545e-01
3.703704e-01
5.454545e-02
1.698113e-01
3.658537e-01
5.000000e-01
4.583333e-01
2.941176e-02
1.458333e-01
4.000000e-01
3.947368e-01
3.409091e-01
5.238095e-01
6.818182e-01
4.634146e-01
5.689655e-01
5.869565e-01
4.318182e-01
5.925926e-01
9.090909e-01
5.909091e-01
7.346939e-01
2.000000e-01
4.000000e-01
4.761905e-01
3.846154e-01
4.736842e-01
4.838710e-01
2.941176e-01
7.090909e-01
5.681818e-01
6.071429e-01
6.785714e-01
8.333333e-01
4.000000e-01
2.500000e-01
-1.666667e-01
-2.195122e-01
3.225806e-01
4.827586e-01
8.095238e-01
4.400000e-01
5.000000e-01
5.384615e-01
2.187500e-01
3.225806e-01
5.666667e-01
9.523810e-02
5.000000e-01
2.758621e-01
3.783784e-01
3.888889e-01
2.962963e-01
4.375000e-01
0
7.826087e-01
3.255814e-01
3.000000e-01
3.928571e-01
2.857143e-01
8.000000e-02
4.761905e-01
2.857143e-01
1.777778e-01
4.516129e-01
6.285714e-01
4.583333e-01
5.581395e-01
5.909091e-01
7.272727e-01
1.578947e-01
4.848485e-01
6.296296e-01
5.454545e-01
5.714286e-01
6.500000e-01
5.909091e-01
3.600000e-01
2.758621e-01
1.632653e-01
2.244898e-01
6.896552e-01
5.263158e-02
6.315789e-01
4.736842e-01
5.294118e-01
6.363636e-01
4.444444e-02
1.250000e-01
3.200000e-01
5.000000e-01
4.000000e-01
4.878049e-01
2.926829e-01
4.500000e-01
5.454545e-01
9.500000e-01
5.652174e-01
6.176471e-01
3.658537e-01
4.358974e-01
0
-1.063830e-01
6.153846e-01
2.903226e-01
5.714286e-02
1.142857e-01
6.111111e-01
2.903226e-01
4.375000e-01
4.285714e-01
9.523810e-02
3.448276e-01
3.714286e-01
5.833333e-01
